"","V1","V2","V3","V4","V5","V6","V7","V8","V9","V10"
"1",0.102941176470588,0.0588235294117647,0.0661764705882353,0.330882352941176,0.0808823529411765,0.0588235294117647,0.0661764705882353,0.0661764705882353,0.110294117647059,0.0588235294117647
"2",0.138248847926267,0.0506912442396313,0.0645161290322581,0.0829493087557604,0.0875576036866359,0.0875576036866359,0.258064516129032,0.032258064516129,0.133640552995392,0.0645161290322581
"3",0.0982142857142857,0.267857142857143,0.0892857142857143,0.0625,0.0714285714285714,0.0535714285714286,0.0625,0.0446428571428571,0.133928571428571,0.116071428571429
"4",0.170212765957447,0.106382978723404,0.0851063829787234,0.113475177304965,0.113475177304965,0.0567375886524823,0.0638297872340425,0.099290780141844,0.0709219858156028,0.120567375886525
"5",0.0919540229885057,0.0689655172413793,0.160919540229885,0.103448275862069,0.0689655172413793,0.0689655172413793,0.103448275862069,0.0804597701149425,0.0919540229885057,0.160919540229885
"6",0.0315789473684211,0.389473684210526,0.068421052631579,0.0315789473684211,0.0947368421052632,0.1,0.1,0.0789473684210526,0.0578947368421053,0.0473684210526316
"7",0.206521739130435,0.0489130434782609,0.179347826086957,0.135869565217391,0.0923913043478261,0.0978260869565217,0.0760869565217391,0.0434782608695652,0.0652173913043478,0.0543478260869565
"8",0.0871559633027523,0.486238532110092,0.055045871559633,0.0412844036697248,0.0458715596330275,0.055045871559633,0.0642201834862385,0.0458715596330275,0.0275229357798165,0.0917431192660551
"9",0.0672268907563025,0.0504201680672269,0.0588235294117647,0.100840336134454,0.151260504201681,0.218487394957983,0.0420168067226891,0.0840336134453782,0.151260504201681,0.0756302521008403
"10",0.0466321243523316,0.393782383419689,0.160621761658031,0.0673575129533679,0.0466321243523316,0.0569948186528497,0.0621761658031088,0.0518134715025907,0.0362694300518135,0.077720207253886
"11",0.046875,0.06640625,0.34765625,0.05078125,0.2109375,0.08984375,0.05078125,0.01953125,0.07421875,0.04296875
"12",0.0578947368421053,0.105263157894737,0.068421052631579,0.0473684210526316,0.0736842105263158,0.0526315789473684,0.0578947368421053,0.0578947368421053,0.378947368421053,0.1
"13",0.08,0.05,0.07,0.12,0.13,0.12,0.08,0.05,0.18,0.12
"14",0.0909090909090909,0.0727272727272727,0.104545454545455,0.0318181818181818,0.0454545454545455,0.0909090909090909,0.104545454545455,0.0318181818181818,0.372727272727273,0.0545454545454545
"15",0.112244897959184,0.0816326530612245,0.13265306122449,0.0510204081632653,0.214285714285714,0.0714285714285714,0.163265306122449,0.0714285714285714,0.0510204081632653,0.0510204081632653
"16",0.141891891891892,0.0945945945945946,0.0878378378378378,0.0608108108108108,0.121621621621622,0.0743243243243243,0.0405405405405405,0.0608108108108108,0.277027027027027,0.0405405405405405
"17",0.129411764705882,0.0705882352941176,0.0823529411764706,0.141176470588235,0.0588235294117647,0.0823529411764706,0.105882352941176,0.0588235294117647,0.0823529411764706,0.188235294117647
"18",0.117647058823529,0.0588235294117647,0.100840336134454,0.0672268907563025,0.126050420168067,0.151260504201681,0.0756302521008403,0.0840336134453782,0.151260504201681,0.0672268907563025
"19",0.0909090909090909,0.0727272727272727,0.181818181818182,0.0636363636363636,0.127272727272727,0.0909090909090909,0.0545454545454545,0.0545454545454545,0.190909090909091,0.0727272727272727
"20",0.0952380952380952,0.0612244897959184,0.122448979591837,0.0476190476190476,0.102040816326531,0.102040816326531,0.0408163265306122,0.0884353741496599,0.272108843537415,0.0680272108843537
"21",0.107843137254902,0.0686274509803922,0.0686274509803922,0.0686274509803922,0.186274509803922,0.107843137254902,0.0588235294117647,0.0686274509803922,0.117647058823529,0.147058823529412
"22",0.232,0.048,0.064,0.064,0.064,0.264,0.048,0.04,0.08,0.096
"23",0.216,0.056,0.056,0.064,0.072,0.28,0.048,0.04,0.072,0.096
"24",0.0813953488372093,0.0697674418604651,0.116279069767442,0.0581395348837209,0.13953488372093,0.0813953488372093,0.0697674418604651,0.0581395348837209,0.127906976744186,0.197674418604651
"25",0.0529100529100529,0.126984126984127,0.100529100529101,0.0476190476190476,0.0582010582010582,0.0476190476190476,0.402116402116402,0.0317460317460317,0.0634920634920635,0.0687830687830688
"26",0.0548780487804878,0.0365853658536585,0.140243902439024,0.0487804878048781,0.0792682926829268,0.280487804878049,0.0609756097560976,0.0304878048780488,0.128048780487805,0.140243902439024
"27",0.132911392405063,0.0632911392405063,0.0949367088607595,0.158227848101266,0.120253164556962,0.10126582278481,0.0569620253164557,0.069620253164557,0.126582278481013,0.0759493670886076
"28",0.0397727272727273,0.03125,0.0454545454545455,0.0340909090909091,0.178977272727273,0.110795454545455,0.0539772727272727,0.0170454545454545,0.454545454545455,0.0340909090909091
"29",0.106796116504854,0.058252427184466,0.087378640776699,0.281553398058252,0.0776699029126214,0.058252427184466,0.0776699029126214,0.087378640776699,0.0776699029126214,0.087378640776699
"30",0.221719457013575,0.0950226244343891,0.0542986425339367,0.126696832579186,0.0452488687782805,0.0361990950226244,0.203619909502262,0.0769230769230769,0.0904977375565611,0.0497737556561086
"31",0.174757281553398,0.087378640776699,0.135922330097087,0.0776699029126214,0.106796116504854,0.0970873786407767,0.087378640776699,0.0679611650485437,0.0679611650485437,0.0970873786407767
"32",0.107692307692308,0.0384615384615385,0.0692307692307692,0.2,0.123076923076923,0.0461538461538462,0.115384615384615,0.115384615384615,0.0538461538461538,0.130769230769231
"33",0.0654205607476635,0.0560747663551402,0.130841121495327,0.0560747663551402,0.168224299065421,0.214953271028037,0.0747663551401869,0.0467289719626168,0.0654205607476635,0.121495327102804
"34",0.0705882352941176,0.141176470588235,0.141176470588235,0.0941176470588235,0.0705882352941176,0.0588235294117647,0.117647058823529,0.0705882352941176,0.0823529411764706,0.152941176470588
"35",0.176056338028169,0.169014084507042,0.0563380281690141,0.0985915492957746,0.0492957746478873,0.0422535211267606,0.0704225352112676,0.0352112676056338,0.0774647887323944,0.225352112676056
"36",0.0833333333333333,0.0520833333333333,0.114583333333333,0.0625,0.09375,0.09375,0.15625,0.0520833333333333,0.114583333333333,0.177083333333333
"37",0.0606060606060606,0.0779220779220779,0.16017316017316,0.0432900432900433,0.0865800865800866,0.367965367965368,0.0606060606060606,0.0216450216450216,0.0735930735930736,0.0476190476190476
"38",0.1,0.075,0.075,0.0625,0.125,0.0875,0.0625,0.0625,0.1625,0.1875
"39",0.0963855421686747,0.0963855421686747,0.072289156626506,0.0963855421686747,0.072289156626506,0.180722891566265,0.0602409638554217,0.0963855421686747,0.0963855421686747,0.132530120481928
"40",0.0898876404494382,0.0786516853932584,0.0674157303370786,0.0674157303370786,0.101123595505618,0.202247191011236,0.0674157303370786,0.0898876404494382,0.112359550561798,0.123595505617978
"41",0.0670391061452514,0.0893854748603352,0.0782122905027933,0.0502793296089385,0.324022346368715,0.0893854748603352,0.0446927374301676,0.0502793296089385,0.150837988826816,0.0558659217877095
"42",0.0588235294117647,0.0588235294117647,0.0588235294117647,0.105882352941176,0.0941176470588235,0.188235294117647,0.0941176470588235,0.0823529411764706,0.0941176470588235,0.164705882352941
"43",0.122302158273381,0.0503597122302158,0.0935251798561151,0.122302158273381,0.158273381294964,0.107913669064748,0.0935251798561151,0.0935251798561151,0.0503597122302158,0.107913669064748
"44",0.0646551724137931,0.46551724137931,0.0301724137931034,0.0258620689655172,0.0301724137931034,0.0301724137931034,0.112068965517241,0.0301724137931034,0.112068965517241,0.0991379310344828
"45",0.0979020979020979,0.0909090909090909,0.153846153846154,0.0699300699300699,0.13986013986014,0.0979020979020979,0.0979020979020979,0.104895104895105,0.048951048951049,0.0979020979020979
"46",0.0689655172413793,0.0620689655172414,0.0758620689655172,0.0620689655172414,0.0758620689655172,0.124137931034483,0.0758620689655172,0.0482758620689655,0.337931034482759,0.0689655172413793
"47",0.0659340659340659,0.0549450549450549,0.0549450549450549,0.153846153846154,0.0989010989010989,0.0659340659340659,0.0879120879120879,0.0769230769230769,0.10989010989011,0.230769230769231
"48",0.0860215053763441,0.0752688172043011,0.0645161290322581,0.150537634408602,0.0752688172043011,0.129032258064516,0.139784946236559,0.0645161290322581,0.0645161290322581,0.150537634408602
"49",0.09375,0.0729166666666667,0.0520833333333333,0.145833333333333,0.104166666666667,0.0729166666666667,0.09375,0.208333333333333,0.09375,0.0625
"50",0.0793650793650794,0.111111111111111,0.150793650793651,0.166666666666667,0.0873015873015873,0.166666666666667,0.0476190476190476,0.0555555555555556,0.0476190476190476,0.0873015873015873
"51",0.1,0.1,0.1,0.15,0.0833333333333333,0.0833333333333333,0.0833333333333333,0.1,0.0833333333333333,0.116666666666667
"52",0.0746268656716418,0.119402985074627,0.104477611940299,0.104477611940299,0.0895522388059701,0.0746268656716418,0.0895522388059701,0.0895522388059701,0.0746268656716418,0.17910447761194
"53",0.0703125,0.203125,0.1328125,0.078125,0.046875,0.140625,0.046875,0.0546875,0.09375,0.1328125
"54",0.106060606060606,0.0909090909090909,0.0909090909090909,0.106060606060606,0.121212121212121,0.106060606060606,0.0757575757575758,0.0757575757575758,0.136363636363636,0.0909090909090909
"55",0.0886075949367089,0.0632911392405063,0.0886075949367089,0.164556962025316,0.0632911392405063,0.0759493670886076,0.0759493670886076,0.0759493670886076,0.0886075949367089,0.215189873417722
"56",0.0666666666666667,0.0888888888888889,0.122222222222222,0.0888888888888889,0.0666666666666667,0.122222222222222,0.0777777777777778,0.111111111111111,0.0888888888888889,0.166666666666667
"57",0.0760869565217391,0.0543478260869565,0.141304347826087,0.0652173913043478,0.0652173913043478,0.141304347826087,0.0652173913043478,0.0978260869565217,0.119565217391304,0.173913043478261
"58",0.0588235294117647,0.0823529411764706,0.0705882352941176,0.164705882352941,0.0823529411764706,0.129411764705882,0.0823529411764706,0.0823529411764706,0.0941176470588235,0.152941176470588
"59",0.101010101010101,0.0707070707070707,0.0808080808080808,0.0808080808080808,0.141414141414141,0.111111111111111,0.0707070707070707,0.0808080808080808,0.171717171717172,0.0909090909090909
"60",0.0789473684210526,0.105263157894737,0.118421052631579,0.105263157894737,0.131578947368421,0.118421052631579,0.0921052631578947,0.0657894736842105,0.0921052631578947,0.0921052631578947
"61",0.0795454545454545,0.0795454545454545,0.0681818181818182,0.170454545454545,0.170454545454545,0.0568181818181818,0.0909090909090909,0.0795454545454545,0.0681818181818182,0.136363636363636
"62",0.0769230769230769,0.0641025641025641,0.0897435897435897,0.0641025641025641,0.166666666666667,0.102564102564103,0.0769230769230769,0.0897435897435897,0.102564102564103,0.166666666666667
"63",0.163398692810458,0.0457516339869281,0.228758169934641,0.0326797385620915,0.143790849673203,0.0980392156862745,0.124183006535948,0.0392156862745098,0.065359477124183,0.0588235294117647
"64",0.123711340206186,0.0824742268041237,0.0721649484536082,0.0721649484536082,0.154639175257732,0.11340206185567,0.0824742268041237,0.103092783505155,0.0721649484536082,0.123711340206186
"65",0.0595238095238095,0.0714285714285714,0.0952380952380952,0.214285714285714,0.107142857142857,0.107142857142857,0.0952380952380952,0.0952380952380952,0.0833333333333333,0.0714285714285714
"66",0.0555555555555556,0.0555555555555556,0.1,0.1,0.0777777777777778,0.133333333333333,0.1,0.244444444444444,0.0555555555555556,0.0777777777777778
"67",0.147058823529412,0.0686274509803922,0.0882352941176471,0.0882352941176471,0.117647058823529,0.0686274509803922,0.107843137254902,0.0490196078431373,0.166666666666667,0.0980392156862745
"68",0.0470588235294118,0.427450980392157,0.0549019607843137,0.156862745098039,0.0549019607843137,0.0313725490196078,0.0509803921568627,0.0431372549019608,0.0823529411764706,0.0509803921568627
"69",0.0666666666666667,0.361111111111111,0.0333333333333333,0.05,0.0888888888888889,0.0666666666666667,0.1,0.0333333333333333,0.105555555555556,0.0944444444444444
"70",0.0700636942675159,0.43312101910828,0.0509554140127389,0.0636942675159236,0.0445859872611465,0.0636942675159236,0.140127388535032,0.0445859872611465,0.0509554140127389,0.0382165605095541
"71",0.0736842105263158,0.0736842105263158,0.0631578947368421,0.115789473684211,0.0842105263157895,0.0947368421052632,0.0947368421052632,0.0842105263157895,0.136842105263158,0.178947368421053
"72",0.087378640776699,0.0970873786407767,0.0970873786407767,0.12621359223301,0.058252427184466,0.0776699029126214,0.16504854368932,0.0485436893203883,0.0970873786407767,0.145631067961165
"73",0.140740740740741,0.0592592592592593,0.0592592592592593,0.103703703703704,0.0666666666666667,0.0518518518518519,0.0592592592592593,0.0814814814814815,0.296296296296296,0.0814814814814815
"74",0.155688622754491,0.0898203592814371,0.0838323353293413,0.0419161676646707,0.137724550898204,0.11377245508982,0.0479041916167665,0.0718562874251497,0.179640718562874,0.0778443113772455
"75",0.0857142857142857,0.0938775510204082,0.0448979591836735,0.16734693877551,0.0857142857142857,0.146938775510204,0.208163265306122,0.0285714285714286,0.102040816326531,0.036734693877551
"76",0.0674157303370786,0.0786516853932584,0.123595505617978,0.0674157303370786,0.123595505617978,0.0674157303370786,0.0561797752808989,0.0786516853932584,0.168539325842697,0.168539325842697
"77",0.0588235294117647,0.0941176470588235,0.0823529411764706,0.117647058823529,0.0588235294117647,0.0588235294117647,0.0705882352941176,0.129411764705882,0.117647058823529,0.211764705882353
"78",0.0754716981132075,0.254716981132075,0.0849056603773585,0.0754716981132075,0.0566037735849057,0.0754716981132075,0.0943396226415094,0.0754716981132075,0.0943396226415094,0.113207547169811
"79",0.0641025641025641,0.0897435897435897,0.205128205128205,0.0641025641025641,0.0641025641025641,0.102564102564103,0.0897435897435897,0.0769230769230769,0.115384615384615,0.128205128205128
"80",0.157407407407407,0.0833333333333333,0.101851851851852,0.12037037037037,0.148148148148148,0.111111111111111,0.111111111111111,0.0555555555555556,0.0648148148148148,0.0462962962962963
"81",0.161904761904762,0.0857142857142857,0.0952380952380952,0.152380952380952,0.104761904761905,0.0571428571428571,0.0666666666666667,0.0857142857142857,0.0952380952380952,0.0952380952380952
"82",0.13986013986014,0.118881118881119,0.048951048951049,0.174825174825175,0.146853146853147,0.0699300699300699,0.0629370629370629,0.0559440559440559,0.0909090909090909,0.0909090909090909
"83",0.39917695473251,0.123456790123457,0.0534979423868313,0.131687242798354,0.0946502057613169,0.0534979423868313,0.0329218106995885,0.0411522633744856,0.0288065843621399,0.0411522633744856
"84",0.04,0.12,0.111111111111111,0.04,0.2,0.0888888888888889,0.142222222222222,0.0355555555555556,0.168888888888889,0.0533333333333333
"85",0.0714285714285714,0.0857142857142857,0.1,0.128571428571429,0.114285714285714,0.142857142857143,0.0857142857142857,0.0714285714285714,0.0857142857142857,0.114285714285714
"86",0.0808080808080808,0.0909090909090909,0.0505050505050505,0.222222222222222,0.0505050505050505,0.0707070707070707,0.0505050505050505,0.282828282828283,0.0505050505050505,0.0505050505050505
"87",0.120689655172414,0.120689655172414,0.0862068965517241,0.0862068965517241,0.0862068965517241,0.0862068965517241,0.0862068965517241,0.103448275862069,0.103448275862069,0.120689655172414
"88",0.0806451612903226,0.0967741935483871,0.0967741935483871,0.112903225806452,0.0967741935483871,0.112903225806452,0.0806451612903226,0.0967741935483871,0.112903225806452,0.112903225806452
"89",0.112903225806452,0.0806451612903226,0.0967741935483871,0.0967741935483871,0.0967741935483871,0.0967741935483871,0.129032258064516,0.0806451612903226,0.0967741935483871,0.112903225806452
"90",0.0923076923076923,0.0769230769230769,0.0769230769230769,0.123076923076923,0.138461538461538,0.0923076923076923,0.0923076923076923,0.0923076923076923,0.138461538461538,0.0769230769230769
"91",0.106194690265487,0.079646017699115,0.0707964601769911,0.115044247787611,0.185840707964602,0.0707964601769911,0.0973451327433628,0.0707964601769911,0.106194690265487,0.0973451327433628
"92",0.078125,0.09375,0.078125,0.109375,0.078125,0.078125,0.078125,0.140625,0.125,0.140625
"93",0.108108108108108,0.0810810810810811,0.108108108108108,0.0675675675675676,0.0810810810810811,0.108108108108108,0.0675675675675676,0.0810810810810811,0.216216216216216,0.0810810810810811
"94",0.072289156626506,0.0843373493975904,0.0602409638554217,0.0602409638554217,0.0843373493975904,0.204819277108434,0.0602409638554217,0.0843373493975904,0.144578313253012,0.144578313253012
"95",0.096,0.112,0.04,0.096,0.08,0.112,0.208,0.064,0.096,0.096
"96",0.0714285714285714,0.0595238095238095,0.0952380952380952,0.119047619047619,0.0833333333333333,0.0714285714285714,0.0952380952380952,0.0952380952380952,0.130952380952381,0.178571428571429
"97",0.1,0.1,0.0833333333333333,0.116666666666667,0.1,0.1,0.0833333333333333,0.0833333333333333,0.133333333333333,0.1
"98",0.0847457627118644,0.11864406779661,0.101694915254237,0.0847457627118644,0.0847457627118644,0.101694915254237,0.101694915254237,0.11864406779661,0.101694915254237,0.101694915254237
"99",0.0862068965517241,0.103448275862069,0.0862068965517241,0.120689655172414,0.103448275862069,0.0862068965517241,0.0862068965517241,0.103448275862069,0.137931034482759,0.0862068965517241
"100",0.0833333333333333,0.116666666666667,0.116666666666667,0.0833333333333333,0.1,0.0833333333333333,0.133333333333333,0.0833333333333333,0.1,0.1
"101",0.0923076923076923,0.0769230769230769,0.0769230769230769,0.153846153846154,0.123076923076923,0.107692307692308,0.0923076923076923,0.0923076923076923,0.0769230769230769,0.107692307692308
"102",0.119402985074627,0.0746268656716418,0.0746268656716418,0.104477611940299,0.119402985074627,0.0746268656716418,0.0746268656716418,0.104477611940299,0.149253731343284,0.104477611940299
"103",0.0909090909090909,0.113636363636364,0.0909090909090909,0.113636363636364,0.170454545454545,0.0795454545454545,0.0909090909090909,0.0568181818181818,0.0795454545454545,0.113636363636364
"104",0.0666666666666667,0.0666666666666667,0.0666666666666667,0.0555555555555556,0.166666666666667,0.222222222222222,0.0777777777777778,0.0666666666666667,0.0888888888888889,0.122222222222222
"105",0.10958904109589,0.0821917808219178,0.0684931506849315,0.0821917808219178,0.10958904109589,0.10958904109589,0.123287671232877,0.0821917808219178,0.0821917808219178,0.150684931506849
"106",0.0697674418604651,0.0930232558139535,0.0930232558139535,0.0697674418604651,0.0581395348837209,0.162790697674419,0.0697674418604651,0.0930232558139535,0.0930232558139535,0.197674418604651
"107",0.1,0.1,0.0833333333333333,0.1,0.1,0.1,0.0833333333333333,0.166666666666667,0.0833333333333333,0.0833333333333333
"108",0.0775862068965517,0.120689655172414,0.103448275862069,0.120689655172414,0.120689655172414,0.0689655172413793,0.137931034482759,0.0775862068965517,0.0775862068965517,0.0948275862068965
"109",0.119402985074627,0.104477611940299,0.0746268656716418,0.104477611940299,0.0746268656716418,0.0895522388059701,0.0746268656716418,0.104477611940299,0.134328358208955,0.119402985074627
"110",0.0789473684210526,0.105263157894737,0.105263157894737,0.0789473684210526,0.0789473684210526,0.0789473684210526,0.105263157894737,0.0921052631578947,0.0657894736842105,0.210526315789474
"111",0.0813953488372093,0.116279069767442,0.104651162790698,0.0581395348837209,0.116279069767442,0.104651162790698,0.0581395348837209,0.0697674418604651,0.13953488372093,0.151162790697674
"112",0.136094674556213,0.307692307692308,0.0414201183431953,0.0532544378698225,0.0414201183431953,0.0828402366863905,0.0946745562130177,0.0355029585798817,0.124260355029586,0.0828402366863905
"113",0.0625,0.0729166666666667,0.0625,0.0833333333333333,0.0520833333333333,0.0520833333333333,0.0625,0.375,0.0729166666666667,0.104166666666667
"114",0.0625,0.0625,0.09375,0.0625,0.0520833333333333,0.0625,0.0625,0.364583333333333,0.0833333333333333,0.09375
"115",0.0506329113924051,0.0632911392405063,0.10126582278481,0.29746835443038,0.0759493670886076,0.113924050632911,0.0506329113924051,0.139240506329114,0.0443037974683544,0.0632911392405063
"116",0.158536585365854,0.0609756097560976,0.0975609756097561,0.0731707317073171,0.146341463414634,0.0853658536585366,0.0975609756097561,0.0853658536585366,0.0853658536585366,0.109756097560976
"117",0.0588235294117647,0.0705882352941176,0.0941176470588235,0.0705882352941176,0.141176470588235,0.0823529411764706,0.0705882352941176,0.105882352941176,0.129411764705882,0.176470588235294
"118",0.10126582278481,0.0632911392405063,0.0759493670886076,0.126582278481013,0.177215189873418,0.0759493670886076,0.0759493670886076,0.0886075949367089,0.0632911392405063,0.151898734177215
"119",0.180555555555556,0.0694444444444444,0.0833333333333333,0.0694444444444444,0.0833333333333333,0.125,0.0694444444444444,0.125,0.0694444444444444,0.125
"120",0.102941176470588,0.117647058823529,0.102941176470588,0.0882352941176471,0.102941176470588,0.0882352941176471,0.0735294117647059,0.147058823529412,0.0735294117647059,0.102941176470588
"121",0.116883116883117,0.0649350649350649,0.116883116883117,0.103896103896104,0.0779220779220779,0.0909090909090909,0.0779220779220779,0.155844155844156,0.0909090909090909,0.103896103896104
"122",0.0806451612903226,0.0806451612903226,0.0967741935483871,0.129032258064516,0.0806451612903226,0.0806451612903226,0.0967741935483871,0.161290322580645,0.0967741935483871,0.0967741935483871
"123",0.111111111111111,0.0952380952380952,0.0952380952380952,0.126984126984127,0.0793650793650794,0.0952380952380952,0.0793650793650794,0.111111111111111,0.111111111111111,0.0952380952380952
"124",0.109375,0.078125,0.09375,0.109375,0.09375,0.078125,0.09375,0.15625,0.109375,0.078125
"125",0.0862068965517241,0.0862068965517241,0.120689655172414,0.0862068965517241,0.103448275862069,0.0862068965517241,0.103448275862069,0.120689655172414,0.103448275862069,0.103448275862069
"126",0.0847457627118644,0.11864406779661,0.0847457627118644,0.0847457627118644,0.0847457627118644,0.0847457627118644,0.101694915254237,0.11864406779661,0.0847457627118644,0.152542372881356
"127",0.087431693989071,0.180327868852459,0.153005464480874,0.0382513661202186,0.0983606557377049,0.0437158469945355,0.26775956284153,0.0437158469945355,0.0437158469945355,0.0437158469945355
"128",0.123595505617978,0.0898876404494382,0.123595505617978,0.0674157303370786,0.123595505617978,0.101123595505618,0.0674157303370786,0.0561797752808989,0.134831460674157,0.112359550561798
"129",0.1,0.123076923076923,0.0615384615384615,0.0384615384615385,0.0692307692307692,0.0615384615384615,0.376923076923077,0.0538461538461538,0.0615384615384615,0.0538461538461538
"130",0.0793650793650794,0.111111111111111,0.0793650793650794,0.126984126984127,0.0952380952380952,0.0952380952380952,0.0793650793650794,0.0952380952380952,0.158730158730159,0.0793650793650794
"131",0.0886075949367089,0.0759493670886076,0.0759493670886076,0.0759493670886076,0.126582278481013,0.10126582278481,0.0886075949367089,0.0759493670886076,0.0886075949367089,0.20253164556962
"132",0.111111111111111,0.0793650793650794,0.0793650793650794,0.0952380952380952,0.0952380952380952,0.0793650793650794,0.0793650793650794,0.111111111111111,0.111111111111111,0.158730158730159
"133",0.0727272727272727,0.0545454545454545,0.0545454545454545,0.263636363636364,0.0545454545454545,0.1,0.145454545454545,0.0909090909090909,0.118181818181818,0.0454545454545455
"134",0.107981220657277,0.0610328638497653,0.0563380281690141,0.0704225352112676,0.164319248826291,0.0892018779342723,0.206572769953052,0.107981220657277,0.0845070422535211,0.0516431924882629
"135",0.072289156626506,0.0602409638554217,0.120481927710843,0.0963855421686747,0.072289156626506,0.072289156626506,0.072289156626506,0.0843373493975904,0.108433734939759,0.240963855421687
"136",0.0860215053763441,0.139784946236559,0.118279569892473,0.0645161290322581,0.0752688172043011,0.0752688172043011,0.0752688172043011,0.0645161290322581,0.172043010752688,0.129032258064516
"137",0.141025641025641,0.115384615384615,0.102564102564103,0.0897435897435897,0.0769230769230769,0.0769230769230769,0.115384615384615,0.0897435897435897,0.0897435897435897,0.102564102564103
"138",0.101694915254237,0.101694915254237,0.101694915254237,0.0847457627118644,0.101694915254237,0.101694915254237,0.101694915254237,0.11864406779661,0.0847457627118644,0.101694915254237
"139",0.1,0.116666666666667,0.116666666666667,0.1,0.0833333333333333,0.116666666666667,0.1,0.1,0.0833333333333333,0.0833333333333333
"140",0.0967741935483871,0.0967741935483871,0.0967741935483871,0.112903225806452,0.0806451612903226,0.112903225806452,0.0967741935483871,0.112903225806452,0.0806451612903226,0.112903225806452
"141",0.0983606557377049,0.0983606557377049,0.0819672131147541,0.0983606557377049,0.0819672131147541,0.0819672131147541,0.0819672131147541,0.131147540983607,0.0983606557377049,0.147540983606557
"142",0.152941176470588,0.0588235294117647,0.105882352941176,0.105882352941176,0.0705882352941176,0.117647058823529,0.152941176470588,0.0941176470588235,0.0823529411764706,0.0588235294117647
"143",0.0952380952380952,0.0793650793650794,0.0952380952380952,0.0793650793650794,0.0952380952380952,0.158730158730159,0.111111111111111,0.0793650793650794,0.0793650793650794,0.126984126984127
"144",0.0806451612903226,0.112903225806452,0.0806451612903226,0.0806451612903226,0.0967741935483871,0.145161290322581,0.0806451612903226,0.129032258064516,0.0806451612903226,0.112903225806452
"145",0.078125,0.09375,0.09375,0.09375,0.125,0.109375,0.078125,0.09375,0.125,0.109375
"146",0.142857142857143,0.0793650793650794,0.142857142857143,0.111111111111111,0.111111111111111,0.0793650793650794,0.0793650793650794,0.0793650793650794,0.0952380952380952,0.0793650793650794
"147",0.136363636363636,0.0909090909090909,0.0909090909090909,0.0757575757575758,0.0757575757575758,0.0909090909090909,0.0909090909090909,0.121212121212121,0.0757575757575758,0.151515151515152
"148",0.09375,0.078125,0.09375,0.125,0.078125,0.078125,0.078125,0.125,0.15625,0.09375
"149",0.0862068965517241,0.0862068965517241,0.0862068965517241,0.120689655172414,0.0862068965517241,0.120689655172414,0.103448275862069,0.120689655172414,0.0862068965517241,0.103448275862069
"150",0.0806451612903226,0.0967741935483871,0.0806451612903226,0.0806451612903226,0.0967741935483871,0.161290322580645,0.0806451612903226,0.145161290322581,0.0806451612903226,0.0967741935483871
"151",0.0784313725490196,0.107843137254902,0.0784313725490196,0.117647058823529,0.137254901960784,0.0980392156862745,0.0882352941176471,0.0686274509803922,0.0882352941176471,0.137254901960784
"152",0.0761904761904762,0.0857142857142857,0.0476190476190476,0.114285714285714,0.0571428571428571,0.123809523809524,0.0666666666666667,0.266666666666667,0.0476190476190476,0.114285714285714
"153",0.0703125,0.0390625,0.0546875,0.1796875,0.09375,0.09375,0.078125,0.140625,0.15625,0.09375
"154",0.0869565217391304,0.0434782608695652,0.0521739130434783,0.0608695652173913,0.0608695652173913,0.0782608695652174,0.0956521739130435,0.4,0.0695652173913043,0.0521739130434783
"155",0.0520833333333333,0.0729166666666667,0.114583333333333,0.239583333333333,0.0729166666666667,0.0729166666666667,0.0833333333333333,0.166666666666667,0.0729166666666667,0.0520833333333333
"156",0.0760869565217391,0.0978260869565217,0.0652173913043478,0.130434782608696,0.108695652173913,0.0978260869565217,0.0543478260869565,0.206521739130435,0.0760869565217391,0.0869565217391304
"157",0.0888888888888889,0.0666666666666667,0.0666666666666667,0.0888888888888889,0.122222222222222,0.1,0.111111111111111,0.133333333333333,0.0777777777777778,0.144444444444444
"158",0.103092783505155,0.0515463917525773,0.0721649484536082,0.0927835051546392,0.0618556701030928,0.103092783505155,0.0824742268041237,0.0721649484536082,0.175257731958763,0.185567010309278
"159",0.09,0.08,0.09,0.09,0.06,0.11,0.1,0.26,0.05,0.07
"160",0.0863309352517986,0.0575539568345324,0.0431654676258993,0.0647482014388489,0.158273381294964,0.0719424460431655,0.0647482014388489,0.316546762589928,0.079136690647482,0.0575539568345324
"161",0.102362204724409,0.0708661417322835,0.047244094488189,0.133858267716535,0.0866141732283465,0.062992125984252,0.0708661417322835,0.220472440944882,0.125984251968504,0.078740157480315
"162",0.0760869565217391,0.0760869565217391,0.0869565217391304,0.0978260869565217,0.0543478260869565,0.0760869565217391,0.0760869565217391,0.239130434782609,0.0869565217391304,0.130434782608696
"163",0.0747663551401869,0.0747663551401869,0.0654205607476635,0.0654205607476635,0.102803738317757,0.0934579439252336,0.0934579439252336,0.252336448598131,0.121495327102804,0.0560747663551402
"164",0.0526315789473684,0.0701754385964912,0.0614035087719298,0.149122807017544,0.105263157894737,0.105263157894737,0.0701754385964912,0.166666666666667,0.166666666666667,0.0526315789473684
"165",0.0776699029126214,0.058252427184466,0.0970873786407767,0.16504854368932,0.135922330097087,0.0776699029126214,0.0679611650485437,0.184466019417476,0.0776699029126214,0.058252427184466
"166",0.186666666666667,0.0733333333333333,0.06,0.113333333333333,0.1,0.0733333333333333,0.0666666666666667,0.146666666666667,0.0866666666666667,0.0933333333333333
"167",0.146788990825688,0.0642201834862385,0.0458715596330275,0.155963302752294,0.073394495412844,0.055045871559633,0.055045871559633,0.256880733944954,0.0917431192660551,0.055045871559633
"168",0.0714285714285714,0.130952380952381,0.0714285714285714,0.0595238095238095,0.0952380952380952,0.0952380952380952,0.0952380952380952,0.0952380952380952,0.0714285714285714,0.214285714285714
"169",0.142857142857143,0.164285714285714,0.05,0.0642857142857143,0.0857142857142857,0.114285714285714,0.0571428571428571,0.0785714285714286,0.135714285714286,0.107142857142857
"170",0.0522388059701493,0.0970149253731343,0.0522388059701493,0.298507462686567,0.0597014925373134,0.0671641791044776,0.0447761194029851,0.149253731343284,0.0522388059701493,0.126865671641791
"171",0.0810810810810811,0.0720720720720721,0.0900900900900901,0.0900900900900901,0.144144144144144,0.153153153153153,0.0810810810810811,0.117117117117117,0.0990990990990991,0.0720720720720721
"172",0.0840336134453782,0.0588235294117647,0.117647058823529,0.285714285714286,0.0504201680672269,0.0420168067226891,0.0672268907563025,0.092436974789916,0.0756302521008403,0.126050420168067
"173",0.151515151515152,0.0757575757575758,0.0757575757575758,0.166666666666667,0.0909090909090909,0.0909090909090909,0.0757575757575758,0.106060606060606,0.0909090909090909,0.0757575757575758
"174",0.103448275862069,0.0862068965517241,0.103448275862069,0.0862068965517241,0.103448275862069,0.103448275862069,0.0862068965517241,0.103448275862069,0.120689655172414,0.103448275862069
"175",0.0806451612903226,0.0967741935483871,0.0967741935483871,0.0967741935483871,0.129032258064516,0.0967741935483871,0.0967741935483871,0.112903225806452,0.0806451612903226,0.112903225806452
"176",0.043956043956044,0.0659340659340659,0.0604395604395604,0.0659340659340659,0.142857142857143,0.0989010989010989,0.0604395604395604,0.0714285714285714,0.274725274725275,0.115384615384615
"177",0.087719298245614,0.140350877192982,0.087719298245614,0.105263157894737,0.087719298245614,0.087719298245614,0.087719298245614,0.140350877192982,0.087719298245614,0.087719298245614
"178",0.0708661417322835,0.110236220472441,0.181102362204724,0.102362204724409,0.0708661417322835,0.062992125984252,0.0708661417322835,0.102362204724409,0.15748031496063,0.0708661417322835
"179",0.0707964601769911,0.079646017699115,0.0884955752212389,0.150442477876106,0.185840707964602,0.0707964601769911,0.141592920353982,0.0973451327433628,0.0619469026548673,0.0530973451327434
"180",0.0886075949367089,0.10126582278481,0.10126582278481,0.0886075949367089,0.0886075949367089,0.10126582278481,0.0759493670886076,0.10126582278481,0.10126582278481,0.151898734177215
"181",0.0661157024793388,0.0661157024793388,0.0661157024793388,0.148760330578512,0.0743801652892562,0.0743801652892562,0.115702479338843,0.239669421487603,0.0991735537190083,0.0495867768595041
"182",0.0795454545454545,0.102272727272727,0.0795454545454545,0.0681818181818182,0.0795454545454545,0.0795454545454545,0.0681818181818182,0.318181818181818,0.0568181818181818,0.0681818181818182
"183",0.0693069306930693,0.0495049504950495,0.0792079207920792,0.0792079207920792,0.138613861386139,0.0891089108910891,0.0495049504950495,0.297029702970297,0.0594059405940594,0.0891089108910891
"184",0.109090909090909,0.109090909090909,0.0636363636363636,0.118181818181818,0.0909090909090909,0.0909090909090909,0.118181818181818,0.181818181818182,0.0636363636363636,0.0545454545454545
"185",0.104651162790698,0.104651162790698,0.127906976744186,0.116279069767442,0.0930232558139535,0.0930232558139535,0.0813953488372093,0.0581395348837209,0.0697674418604651,0.151162790697674
"186",0.075,0.1,0.0875,0.075,0.0625,0.075,0.1125,0.075,0.075,0.2625
"187",0.0561797752808989,0.0674157303370786,0.0786516853932584,0.0561797752808989,0.0898876404494382,0.101123595505618,0.0674157303370786,0.157303370786517,0.112359550561798,0.213483146067416
"188",0.0777777777777778,0.0555555555555556,0.0777777777777778,0.0666666666666667,0.0888888888888889,0.0777777777777778,0.0888888888888889,0.177777777777778,0.133333333333333,0.155555555555556
"189",0.0888888888888889,0.0555555555555556,0.155555555555556,0.0666666666666667,0.0777777777777778,0.0555555555555556,0.0777777777777778,0.133333333333333,0.122222222222222,0.166666666666667
"190",0.127659574468085,0.0638297872340425,0.0531914893617021,0.106382978723404,0.0851063829787234,0.074468085106383,0.117021276595745,0.0851063829787234,0.074468085106383,0.212765957446809
"191",0.0740740740740741,0.111111111111111,0.0864197530864197,0.0740740740740741,0.0740740740740741,0.0987654320987654,0.0864197530864197,0.0864197530864197,0.0864197530864197,0.222222222222222
"192",0.087719298245614,0.105263157894737,0.087719298245614,0.105263157894737,0.087719298245614,0.105263157894737,0.105263157894737,0.105263157894737,0.087719298245614,0.12280701754386
"193",0.0757575757575758,0.121212121212121,0.106060606060606,0.0909090909090909,0.0757575757575758,0.106060606060606,0.121212121212121,0.106060606060606,0.0909090909090909,0.106060606060606
"194",0.0819672131147541,0.0819672131147541,0.0983606557377049,0.0983606557377049,0.0819672131147541,0.0983606557377049,0.114754098360656,0.114754098360656,0.0983606557377049,0.131147540983607
"195",0.0543478260869565,0.0760869565217391,0.0869565217391304,0.119565217391304,0.217391304347826,0.119565217391304,0.0652173913043478,0.0760869565217391,0.0543478260869565,0.130434782608696
"196",0.0847457627118644,0.0847457627118644,0.0847457627118644,0.11864406779661,0.101694915254237,0.0847457627118644,0.135593220338983,0.101694915254237,0.101694915254237,0.101694915254237
"197",0.0819672131147541,0.0983606557377049,0.0819672131147541,0.114754098360656,0.0983606557377049,0.0983606557377049,0.0983606557377049,0.0983606557377049,0.114754098360656,0.114754098360656
"198",0.0983606557377049,0.0819672131147541,0.0819672131147541,0.131147540983607,0.0983606557377049,0.114754098360656,0.0819672131147541,0.0819672131147541,0.0819672131147541,0.147540983606557
"199",0.104477611940299,0.104477611940299,0.104477611940299,0.0895522388059701,0.0746268656716418,0.0746268656716418,0.104477611940299,0.119402985074627,0.0895522388059701,0.134328358208955
"200",0.087719298245614,0.087719298245614,0.087719298245614,0.12280701754386,0.087719298245614,0.087719298245614,0.105263157894737,0.12280701754386,0.105263157894737,0.105263157894737
"201",0.0967741935483871,0.0806451612903226,0.129032258064516,0.0967741935483871,0.129032258064516,0.0806451612903226,0.0806451612903226,0.0806451612903226,0.129032258064516,0.0967741935483871
"202",0.11864406779661,0.0847457627118644,0.11864406779661,0.0847457627118644,0.101694915254237,0.0847457627118644,0.0847457627118644,0.101694915254237,0.101694915254237,0.11864406779661
"203",0.0989010989010989,0.0659340659340659,0.0549450549450549,0.0989010989010989,0.186813186813187,0.10989010989011,0.153846153846154,0.0879120879120879,0.0549450549450549,0.0879120879120879
"204",0.0666666666666667,0.0666666666666667,0.0476190476190476,0.0476190476190476,0.104761904761905,0.0666666666666667,0.0952380952380952,0.342857142857143,0.0952380952380952,0.0666666666666667
"205",0.0818181818181818,0.0636363636363636,0.0454545454545455,0.0636363636363636,0.118181818181818,0.0727272727272727,0.0727272727272727,0.336363636363636,0.0909090909090909,0.0545454545454545
"206",0.0886075949367089,0.0759493670886076,0.0759493670886076,0.113924050632911,0.0886075949367089,0.0886075949367089,0.0886075949367089,0.215189873417722,0.0759493670886076,0.0886075949367089
"207",0.0777777777777778,0.0555555555555556,0.0555555555555556,0.0888888888888889,0.1,0.166666666666667,0.0777777777777778,0.0888888888888889,0.122222222222222,0.166666666666667
"208",0.103448275862069,0.0804597701149425,0.0804597701149425,0.126436781609195,0.0919540229885057,0.0574712643678161,0.103448275862069,0.206896551724138,0.0689655172413793,0.0804597701149425
"209",0.0684931506849315,0.10958904109589,0.0684931506849315,0.0684931506849315,0.0684931506849315,0.123287671232877,0.0684931506849315,0.0821917808219178,0.0821917808219178,0.26027397260274
"210",0.0825688073394495,0.0642201834862385,0.073394495412844,0.0642201834862385,0.0825688073394495,0.055045871559633,0.073394495412844,0.36697247706422,0.0825688073394495,0.055045871559633
"211",0.0660377358490566,0.10377358490566,0.0943396226415094,0.122641509433962,0.0660377358490566,0.132075471698113,0.10377358490566,0.179245283018868,0.0754716981132075,0.0566037735849057
"212",0.08,0.08,0.05,0.1,0.1,0.12,0.05,0.25,0.09,0.08
"213",0.112359550561798,0.123595505617978,0.0561797752808989,0.101123595505618,0.0786516853932584,0.112359550561798,0.0674157303370786,0.191011235955056,0.0561797752808989,0.101123595505618
"214",0.119266055045872,0.0642201834862385,0.0642201834862385,0.0917431192660551,0.100917431192661,0.110091743119266,0.0917431192660551,0.229357798165138,0.055045871559633,0.073394495412844
"215",0.386075949367089,0.132911392405063,0.0316455696202532,0.0506329113924051,0.069620253164557,0.0379746835443038,0.0443037974683544,0.0316455696202532,0.0759493670886076,0.139240506329114
"216",0.112903225806452,0.112903225806452,0.0806451612903226,0.0967741935483871,0.0967741935483871,0.112903225806452,0.0806451612903226,0.0806451612903226,0.145161290322581,0.0806451612903226
"217",0.0806451612903226,0.0806451612903226,0.112903225806452,0.112903225806452,0.0806451612903226,0.0967741935483871,0.0967741935483871,0.0967741935483871,0.112903225806452,0.129032258064516
"218",0.0806451612903226,0.0967741935483871,0.0967741935483871,0.0967741935483871,0.112903225806452,0.0806451612903226,0.0967741935483871,0.0967741935483871,0.145161290322581,0.0967741935483871
"219",0.129411764705882,0.141176470588235,0.105882352941176,0.0705882352941176,0.0941176470588235,0.129411764705882,0.117647058823529,0.0823529411764706,0.0588235294117647,0.0705882352941176
"220",0.0864197530864197,0.0617283950617284,0.0740740740740741,0.148148148148148,0.0864197530864197,0.0987654320987654,0.111111111111111,0.172839506172839,0.0740740740740741,0.0864197530864197
"221",0.125,0.102272727272727,0.0681818181818182,0.215909090909091,0.0909090909090909,0.0795454545454545,0.0568181818181818,0.0681818181818182,0.0795454545454545,0.113636363636364
"222",0.1,0.1375,0.075,0.0875,0.0875,0.0875,0.1,0.0875,0.0625,0.175
"223",0.0833333333333333,0.0520833333333333,0.0625,0.0833333333333333,0.0729166666666667,0.125,0.0729166666666667,0.3125,0.0833333333333333,0.0520833333333333
